1 [1
2 [1
3 [1 2
4 [1 3
5 [1 2 3 4
6 [1 5
7 [1 2 3 4 5 6
8 [1 3 5 7
9 [1 2 4 5 7 8
10 [1 3 7 9
11 [1 2 3 4 5 6 7 8 9 10
12 [1 5 7 11
13 [1 2 3 4 5 6 7 8 9 10 11 12
14 [1 3 5 9 11 13
15 [1 2 4 7 8 11 13 14
16 [1 3 5 7 9 11 13 15
17 [1 2 3 4 5 6 7 8 9 10 11 12 13 14 15 16
18 [1 5 7 11 13 17
19 [1 2 3 4 5 6 7 8 9 10 11 12 13 14 15 16 17 18
20 [1 3 7 9 11 13 17 19
21 [1 2 4 5 8 10 11 13 16 17 19 20
22 [1 3 5 7 9 13 15 17 19 21
23 [1 2 3 4 5 6 7 8 9 10 11 12 13 14 15 16 17 18 19 20 21 22
24 [1 5 7 11 13 17 19 23
25 [1 2 3 4 6 7 8 9 11 12 13 14 16 17 18 19 21 22 23 24
26 [1 3 5 7 9 11 15 17 19 21 23 25
27 [1 2 4 5 7 8 10 11 13 14 16 17 19 20 22 23 25 26
28 [1 3 5 9 11 13 15 17 19 23 25 27
29 [1 2 3 4 5 6 7 8 9 10 11 12 13 14 15 16 17 18 19 20 21 22 23 24 25 26 27 28
30 [1 7 11 13 17 19 23 29
31 [1 2 3 4 5 6 7 8 9 10 11 12 13 14 15 16 17 18 19 20 21 22 23 24 25 26 27 28 29 30
32 [1 3 5 7 9 11 13 15 17 19 21 23 25 27 29 31
33 [1 2 4 5 7 8 10 13 14 16 17 19 20 23 25 26 28 29 31 32
34 [1 3 5 7 9 11 13 15 19 21 23 25 27 29 31 33
35 [1 2 3 4 6 8 9 11 12 13 16 17 18 19 22 23 24 26 27 29 31 32 33 34
36 [1 5 7 11 13 17 19 23 25 29 31 35
37 [1 2 3 4 5 6 7 8 9 10 11 12 13 14 15 16 17 18 19 20 21 22 23 24 25 26 27 28 29 30 31 32 33 34 35 36
38 [1 3 5 7 9 11 13 15 17 21 23 25 27 29 31 33 35 37
39 [1 2 4 5 7 8 10 11 14 16 17 19 20 22 23 25 28 29 31 32 34 35 37 38
40 [1 3 7 9 11 13 17 19 21 23 27 29 31 33 37 39
41 [1 2 3 4 5 6 7 8 9 10 11 12 13 14 15 16 17 18 19 20 21 22 23 24 25 26 27 28 29 30 31 32 33 34 35 36 37 38 39 40
42 [1 5 11 13 17 19 23 25 29 31 37 41
43 [1 2 3 4 5 6 7 8 9 10 11 12 13 14 15 16 17 18 19 20 21 22 23 24 25 26 27 28 29 30 31 32 33 34 35 36 37 38 39 40 41 42
44 [1 3 5 7 9 13 15 17 19 21 23 25 27 29 31 35 37 39 41 43
45 [1 2 4 7 8 11 13 14 16 17 19 22 23 26 28 29 31 32 34 37 38 41 43 44
46 [1 3 5 7 9 11 13 15 17 19 21 25 27 29 31 33 35 37 39 41 43 45
47 [1 2 3 4 5 6 7 8 9 10 11 12 13 14 15 16 17 18 19 20 21 22 23 24 25 26 27 28 29 30 31 32 33 34 35 36 37 38 39 40 41 42 43 44 45 46
48 [1 5 7 11 13 17 19 23 25 29 31 35 37 41 43 47
49 [1 2 3 4 5 6 8 9 10 11 12 13 15 16 17 18 19 20 22 23 24 25 26 27 29 30 31 32 33 34 36 37 38 39 40 41 43 44 45 46 47 48
50 [1 3 7 9 11 13 17 19 21 23 27 29 31 33 37 39 41 43 47 49
51 [1 2 4 5 7 8 10 11 13 14 16 19 20 22 23 25 26 28 29 31 32 35 37 38 40 41 43 44 46 47 49 50
52 [1 3 5 7 9 11 15 17 19 21 23 25 27 29 31 33 35 37 41 43 45 47 49 51
53 [1 2 3 4 5 6 7 8 9 10 11 12 13 14 15 16 17 18 19 20 21 22 23 24 25 26 27 28 29 30 31 32 33 34 35 36 37 38 39 40 41 42 43 44 45 46 47 48 49 50 51 52
54 [1 5 7 11 13 17 19 23 25 29 31 35 37 41 43 47 49 53
55 [1 2 3 4 6 7 8 9 12 13 14 16 17 18 19 21 23 24 26 27 28 29 31 32 34 36 37 38 39 41 42 43 46 47 48 49 51 52 53 54
56 [1 3 5 9 11 13 15 17 19 23 25 27 29 31 33 37 39 41 43 45 47 51 53 55
57 [1 2 4 5 7 8 10 11 13 14 16 17 20 22 23 25 26 28 29 31 32 34 35 37 40 41 43 44 46 47 49 50 52 53 55 56
58 [1 3 5 7 9 11 13 15 17 19 21 23 25 27 31 33 35 37 39 41 43 45 47 49 51 53 55 57
59 [1 2 3 4 5 6 7 8 9 10 11 12 13 14 15 16 17 18 19 20 21 22 23 24 25 26 27 28 29 30 31 32 33 34 35 36 37 38 39 40 41 42 43 44 45 46 47 48 49 50 51 52 53 54 55 56 57 58
60 [1 7 11 13 17 19 23 29 31 37 41 43 47 49 53 59
61 [1 2 3 4 5 6 7 8 9 10 11 12 13 14 15 16 17 18 19 20 21 22 23 24 25 26 27 28 29 30 31 32 33 34 35 36 37 38 39 40 41 42 43 44 45 46 47 48 49 50 51 52 53 54 55 56 57 58 59 60
62 [1 3 5 7 9 11 13 15 17 19 21 23 25 27 29 33 35 37 39 41 43 45 47 49 51 53 55 57 59 61
63 [1 2 4 5 8 10 11 13 16 17 19 20 22 23 25 26 29 31 32 34 37 38 40 41 43 44 46 47 50 52 53 55 58 59 61 62
64 [1 3 5 7 9 11 13 15 17 19 21 23 25 27 29 31 33 35 37 39 41 43 45 47 49 51 53 55 57 59 61 63
65 [1 2 3 4 6 7 8 9 11 12 14 16 17 18 19 21 22 23 24 27 28 29 31 32 33 34 36 37 38 41 42 43 44 46 47 48 49 51 53 54 56 57 58 59 61 62 63 64
66 [1 5 7 13 17 19 23 25 29 31 35 37 41 43 47 49 53 59 61 65
67 [1 2 3 4 5 6 7 8 9 10 11 12 13 14 15 16 17 18 19 20 21 22 23 24 25 26 27 28 29 30 31 32 33 34 35 36 37 38 39 40 41 42 43 44 45 46 47 48 49 50 51 52 53 54 55 56 57 58 59 60 61 62 63 64 65 66
68 [1 3 5 7 9 11 13 15 19 21 23 25 27 29 31 33 35 37 39 41 43 45 47 49 53 55 57 59 61 63 65 67
69 [1 2 4 5 7 8 10 11 13 14 16 17 19 20 22 25 26 28 29 31 32 34 35 37 38 40 41 43 44 47 49 50 52 53 55 56 58 59 61 62 64 65 67 68
70 [1 3 9 11 13 17 19 23 27 29 31 33 37 39 41 43 47 51 53 57 59 61 67 69
71 [1 2 3 4 5 6 7 8 9 10 11 12 13 14 15 16 17 18 19 20 21 22 23 24 25 26 27 28 29 30 31 32 33 34 35 36 37 38 39 40 41 42 43 44 45 46 47 48 49 50 51 52 53 54 55 56 57 58 59 60 61 62 63 64 65 66 67 68 69 70
72 [1 5 7 11 13 17 19 23 25 29 31 35 37 41 43 47 49 53 55 59 61 65 67 71
73 [1 2 3 4 5 6 7 8 9 10 11 12 13 14 15 16 17 18 19 20 21 22 23 24 25 26 27 28 29 30 31 32 33 34 35 36 37 38 39 40 41 42 43 44 45 46 47 48 49 50 51 52 53 54 55 56 57 58 59 60 61 62 63 64 65 66 67 68 69 70 71 72
74 [1 3 5 7 9 11 13 15 17 19 21 23 25 27 29 31 33 35 39 41 43 45 47 49 51 53 55 57 59 61 63 65 67 69 71 73
75 [1 2 4 7 8 11 13 14 16 17 19 22 23 26 28 29 31 32 34 37 38 41 43 44 46 47 49 52 53 56 58 59 61 62 64 67 68 71 73 74
76 [1 3 5 7 9 11 13 15 17 21 23 25 27 29 31 33 35 37 39 41 43 45 47 49 51 53 55 59 61 63 65 67 69 71 73 75
77 [1 2 3 4 5 6 8 9 10 12 13 15 16 17 18 19 20 23 24 25 26 27 29 30 31 32 34 36 37 38 39 40 41 43 45 46 47 48 50 51 52 53 54 57 58 59 60 61 62 64 65 67 68 69 71 72 73 74 75 76
78 [1 5 7 11 17 19 23 25 29 31 35 37 41 43 47 49 53 55 59 61 67 71 73 77
79 [1 2 3 4 5 6 7 8 9 10 11 12 13 14 15 16 17 18 19 20 21 22 23 24 25 26 27 28 29 30 31 32 33 34 35 36 37 38 39 40 41 42 43 44 45 46 47 48 49 50 51 52 53 54 55 56 57 58 59 60 61 62 63 64 65 66 67 68 69 70 71 72 73 74 75 76 77 78
80 [1 3 7 9 11 13 17 19 21 23 27 29 31 33 37 39 41 43 47 49 51 53 57 59 61 63 67 69 71 73 77 79
81 [1 2 4 5 7 8 10 11 13 14 16 17 19 20 22 23 25 26 28 29 31 32 34 35 37 38 40 41 43 44 46 47 49 50 52 53 55 56 58 59 61 62 64 65 67 68 70 71 73 74 76 77 79 80
82 [1 3 5 7 9 11 13 15 17 19 21 23 25 27 29 31 33 35 37 39 43 45 47 49 51 53 55 57 59 61 63 65 67 69 71 73 75 77 79 81
83 [1 2 3 4 5 6 7 8 9 10 11 12 13 14 15 16 17 18 19 20 21 22 23 24 25 26 27 28 29 30 31 32 33 34 35 36 37 38 39 40 41 42 43 44 45 46 47 48 49 50 51 52 53 54 55 56 57 58 59 60 61 62 63 64 65 66 67 68 69 70 71 72 73 74 75 76 77 78 79 80 81 82
84 [1 5 11 13 17 19 23 25 29 31 37 41 43 47 53 55 59 61 65 67 71 73 79 83
85 [1 2 3 4 6 7 8 9 11 12 13 14 16 18 19 21 22 23 24 26 27 28 29 31 32 33 36 37 38 39 41 42 43 44 46 47 48 49 52 53 54 56 57 58 59 61 62 63 64 66 67 69 71 72 73 74 76 77 78 79 81 82 83 84
86 [1 3 5 7 9 11 13 15 17 19 21 23 25 27 29 31 33 35 37 39 41 45 47 49 51 53 55 57 59 61 63 65 67 69 71 73 75 77 79 81 83 85
87 [1 2 4 5 7 8 10 11 13 14 16 17 19 20 22 23 25 26 28 31 32 34 35 37 38 40 41 43 44 46 47 49 50 52 53 55 56 59 61 62 64 65 67 68 70 71 73 74 76 77 79 80 82 83 85 86
88 [1 3 5 7 9 13 15 17 19 21 23 25 27 29 31 35 37 39 41 43 45 47 49 51 53 57 59 61 63 65 67 69 71 73 75 79 81 83 85 87
89 [1 2 3 4 5 6 7 8 9 10 11 12 13 14 15 16 17 18 19 20 21 22 23 24 25 26 27 28 29 30 31 32 33 34 35 36 37 38 39 40 41 42 43 44 45 46 47 48 49 50 51 52 53 54 55 56 57 58 59 60 61 62 63 64 65 66 67 68 69 70 71 72 73 74 75 76 77 78 79 80 81 82 83 84 85 86 87 88
90 [1 7 11 13 17 19 23 29 31 37 41 43 47 49 53 59 61 67 71 73 77 79 83 89
91 [1 2 3 4 5 6 8 9 10 11 12 15 16 17 18 19 20 22 23 24 25 27 29 30 31 32 33 34 36 37 38 40 41 43 44 45 46 47 48 50 51 53 54 55 57 58 59 60 61 62 64 66 67 68 69 71 72 73 74 75 76 79 80 81 82 83 85 86 87 88 89 90
92 [1 3 5 7 9 11 13 15 17 19 21 25 27 29 31 33 35 37 39 41 43 45 47 49 51 53 55 57 59 61 63 65 67 71 73 75 77 79 81 83 85 87 89 91
93 [1 2 4 5 7 8 10 11 13 14 16 17 19 20 22 23 25 26 28 29 32 34 35 37 38 40 41 43 44 46 47 49 50 52 53 55 56 58 59 61 64 65 67 68 70 71 73 74 76 77 79 80 82 83 85 86 88 89 91 92
94 [1 3 5 7 9 11 13 15 17 19 21 23 25 27 29 31 33 35 37 39 41 43 45 49 51 53 55 57 59 61 63 65 67 69 71 73 75 77 79 81 83 85 87 89 91 93
95 [1 2 3 4 6 7 8 9 11 12 13 14 16 17 18 21 22 23 24 26 27 28 29 31 32 33 34 36 37 39 41 42 43 44 46 47 48 49 51 52 53 54 56 58 59 61 62 63 64 66 67 68 69 71 72 73 74 77 78 79 81 82 83 84 86 87 88 89 91 92 93 94
96 [1 5 7 11 13 17 19 23 25 29 31 35 37 41 43 47 49 53 55 59 61 65 67 71 73 77 79 83 85 89 91 95
97 [1 2 3 4 5 6 7 8 9 10 11 12 13 14 15 16 17 18 19 20 21 22 23 24 25 26 27 28 29 30 31 32 33 34 35 36 37 38 39 40 41 42 43 44 45 46 47 48 49 50 51 52 53 54 55 56 57 58 59 60 61 62 63 64 65 66 67 68 69 70 71 72 73 74 75 76 77 78 79 80 81 82 83 84 85 86 87 88 89 90 91 92 93 94 95 96
98 [1 3 5 9 11 13 15 17 19 23 25 27 29 31 33 37 39 41 43 45 47 51 53 55 57 59 61 65 67 69 71 73 75 79 81 83 85 87 89 93 95 97
99 [1 2 4 5 7 8 10 13 14 16 17 19 20 23 25 26 28 29 31 32 34 35 37 38 40 41 43 46 47 49 50 52 53 56 58 59 61 62 64 65 67 68 70 71 73 74 76 79 80 82 83 85 86 89 91 92 94 95 97 98
100 [1 3 7 9 11 13 17 19 21 23 27 29 31 33 37 39 41 43 47 49 51 53 57 59 61 63 67 69 71 73 77 79 81 83 87 89 91 93 97 99
