0 0.00990099 0 0 0 0
0.01 0.00990099 0.00019802 0.00059406 1.18812e-05 1.98033e-07
0.02 0.00990099 0.00039604 0.00117612 4.70448e-05 1.56826e-06
0.03 0.00990099 0.000594059 0.00174617 0.00010477 5.23885e-06
0.04 0.00990099 0.000792079 0.00230423 0.000184338 1.229e-05
0.05 0.00990099 0.000990099 0.00285029 0.000285029 2.3754e-05
0.06 0.00990099 0.00118812 0.00338434 0.000406121 4.06148e-05
0.07 0.00990099 0.00138614 0.0039064 0.000546896 6.38088e-05
0.08 0.00990099 0.00158416 0.00441645 0.000706632 9.42239e-05
0.09 0.00990099 0.00178218 0.0049145 0.00088461 0.0001327
0.1 0.00990099 0.0019802 0.00540055 0.00108011 0.00018003
0.11 0.00990099 0.00217822 0.00587459 0.00129241 0.000236958
0.12 0.00990099 0.00237624 0.00633664 0.00152079 0.000304178
0.13 0.00990099 0.00257426 0.00678669 0.00176454 0.000382343
0.14 0.00990099 0.00277228 0.00722473 0.00202293 0.000472048
0.15 0.00990099 0.0029703 0.00765077 0.00229523 0.000573846
0.16 0.00990099 0.00316832 0.00806482 0.00258074 0.000688243
0.17 0.00990099 0.00336634 0.00846686 0.00287873 0.000815695
0.18 0.00990099 0.00356436 0.0088569 0.00318849 0.000956611
0.19 0.00990099 0.00376238 0.00923494 0.00350928 0.00111135
0.2 0.00990099 0.0039604 0.00960097 0.00384039 0.00128022
0.21 0.00990099 0.00415842 0.00995501 0.00418111 0.00146349
0.22 0.00990099 0.00435644 0.010297 0.00453068 0.00166136
0.23 0.00990099 0.00455446 0.0106271 0.00488847 0.00187404
0.24 0.00990099 0.00475248 0.0109451 0.00525365 0.0021016
0.25 0.00990099 0.0049505 0.0112511 0.00562555 0.00234414
0.26 0.00990099 0.00514851 0.0115451 0.00600345 0.00260167
0.27 0.00990099 0.00534653 0.0118272 0.00638669 0.0028742
0.28 0.00990099 0.00554455 0.0120972 0.00677443 0.00316161
0.29 0.00990099 0.00574257 0.0123552 0.00716602 0.00346381
0.3 0.00990099 0.00594059 0.0126013 0.00756078 0.00378064
0.31 0.00990099 0.00613861 0.0128353 0.00795789 0.00411185
0.32 0.00990099 0.00633663 0.0130573 0.00835667 0.00445719
0.33 0.00990099 0.00653465 0.0132673 0.00875642 0.00481635
0.34 0.00990099 0.00673267 0.0134653 0.00915641 0.00518898
0.35 0.00990099 0.00693069 0.0136514 0.00955598 0.00557469
0.36 0.00990099 0.00712871 0.0138254 0.00995429 0.00597297
0.37 0.00990099 0.00732673 0.0139874 0.0103507 0.00638336
0.38 0.00990099 0.00752475 0.0141374 0.0107444 0.00680524
0.39 0.00990099 0.00772277 0.0142754 0.0111348 0.0072381
0.4 0.00990099 0.00792079 0.0144014 0.0115211 0.00768125
0.41 0.00990099 0.00811881 0.0145155 0.0119027 0.00813405
0.42 0.00990099 0.00831683 0.0146175 0.0122787 0.00859566
0.43 0.00990099 0.00851485 0.0147075 0.0126485 0.00906536
0.44 0.00990099 0.00871287 0.0147855 0.0130112 0.00954218
0.45 0.00990099 0.00891089 0.0148515 0.0133664 0.0100255
0.46 0.00990099 0.00910891 0.0149055 0.0137131 0.0105141
0.47 0.00990099 0.00930693 0.0149475 0.0140507 0.0110071
0.48 0.00990099 0.00950495 0.0149775 0.0143784 0.0115035
0.49 0.00990099 0.00970297 0.0149955 0.0146956 0.0120022
0.5 0.00990099 0.00990099 0.0150015 0.0150015 0.0125021
0.51 0.00990099 0.010099 0.0149955 0.0152954 0.013002
0.52 0.00990099 0.010297 0.0149775 0.0155766 0.0135006
0.53 0.00990099 0.010495 0.0149474 0.0158442 0.0139966
0.54 0.00990099 0.0106931 0.0149055 0.0160979 0.0144891
0.55 0.00990099 0.0108911 0.0148515 0.0163367 0.0149763
0.56 0.00990099 0.0110891 0.0147855 0.0165598 0.0154568
0.57 0.00990099 0.0112871 0.0147074 0.0167664 0.0159291
0.58 0.00990099 0.0114851 0.0146174 0.0169562 0.0163921
0.59 0.00990099 0.0116832 0.0145155 0.0171283 0.016844
0.6 0.00990099 0.0118812 0.0144015 0.0172818 0.017283
0.61 0.00990099 0.0120792 0.0142754 0.017416 0.0177074
0.62 0.00990099 0.0122772 0.0141374 0.0175304 0.018116
0.63 0.00990099 0.0124752 0.0139873 0.017624 0.0185064
0.64 0.00990099 0.0126733 0.0138254 0.0176965 0.0188775
0.65 0.00990099 0.0128713 0.0136514 0.0177468 0.019227
0.66 0.00990099 0.0130693 0.0134653 0.0177742 0.0195529
0.67 0.00990099 0.0132673 0.0132673 0.0177782 0.0198536
0.68 0.00990099 0.0134653 0.0130573 0.0177579 0.020127
0.69 0.00990099 0.0136634 0.0128353 0.0177127 0.020371
0.7 0.00990099 0.0138614 0.0126013 0.0176418 0.0205835
0.71 0.00990099 0.0140594 0.0123552 0.0175444 0.0207623
0.72 0.00990099 0.0142574 0.0120972 0.01742 0.0209054
0.73 0.00990099 0.0144554 0.0118271 0.0172676 0.0210103
0.74 0.00990099 0.0146535 0.0115452 0.0170869 0.0210752
0.75 0.00990099 0.0148515 0.0112511 0.0168767 0.0210973
0.76 0.00990099 0.0150495 0.0109451 0.0166366 0.0210744
0.77 0.00990099 0.0152475 0.010627 0.0163656 0.0210039
0.78 0.00990099 0.0154455 0.010297 0.0160633 0.0208837
0.79 0.00990099 0.0156436 0.00995502 0.0157289 0.0207111
0.8 0.00990099 0.0158416 0.00960097 0.0153616 0.0204835
0.81 0.00990099 0.0160396 0.00923492 0.0149606 0.0201982
0.82 0.00990099 0.0162376 0.00885687 0.0145253 0.0198526
0.83 0.00990099 0.0164356 0.00846683 0.0140549 0.0194439
0.84 0.00990099 0.0166337 0.00806483 0.0135489 0.0189697
0.85 0.00990099 0.0168317 0.00765077 0.0130063 0.0184268
0.86 0.00990099 0.0170297 0.00722472 0.0124265 0.0178125
0.87 0.00990099 0.0172277 0.00678667 0.0118088 0.0171239
0.88 0.00990099 0.0174257 0.00633662 0.0111525 0.0163581
0.89 0.00990099 0.0176238 0.0058746 0.0104568 0.015512
0.9 0.00990099 0.0178218 0.00540055 0.00972099 0.0145825
0.91 0.00990099 0.0180198 0.00491449 0.00894437 0.0135665
0.92 0.00990099 0.0182178 0.00441644 0.00812625 0.0124611
0.93 0.00990099 0.0184158 0.00390638 0.00726587 0.0112629
0.94 0.00990099 0.0186139 0.00338435 0.00636258 0.00996871
0.95 0.00990099 0.0188119 0.00285029 0.00541555 0.00857519
0.96 0.00990099 0.0190099 0.00230423 0.00442412 0.00707906
0.97 0.00990099 0.0192079 0.00174617 0.00338757 0.00547694
0.98 0.00990099 0.0194059 0.00117612 0.0023052 0.00376541
0.99 0.00990099 0.019604 0.000594061 0.00117624 0.00194093
1 0.00990099 0.019802 0 0 0
