0 0 0 5
0 1 0 3
0 2 0 4
0 3 1 6
0 4 1 7
0 5 1 8
0 6 2 9
0 7 2 1
0 8 2 2
1 0 0 6
1 1 0 7
1 2 0 2
1 3 1 1
1 4 1 9
1 5 1 5
1 6 2 3
1 7 2 4
1 8 2 8
2 0 0 1
2 1 0 9
2 2 0 8
2 3 1 3
2 4 1 4
2 5 1 2
2 6 2 5
2 7 2 6
2 8 2 7
3 0 3 8
3 1 3 5
3 2 3 9
3 3 4 7
3 4 4 6
3 5 4 1
3 6 5 4
3 7 5 2
3 8 5 3
4 0 3 4
4 1 3 2
4 2 3 6
4 3 4 8
4 4 4 5
4 5 4 3
4 6 5 7
4 7 5 9
4 8 5 1
5 0 3 7
5 1 3 1
5 2 3 3
5 3 4 9
5 4 4 2
5 5 4 4
5 6 5 8
5 7 5 5
5 8 5 6
6 0 6 9
6 1 6 6
6 2 6 1
6 3 7 5
6 4 7 3
6 5 7 7
6 6 8 2
6 7 8 8
6 8 8 4
7 0 6 2
7 1 6 8
7 2 6 7
7 3 7 4
7 4 7 1
7 5 7 9
7 6 8 6
7 7 8 3
7 8 8 5
8 0 6 3
8 1 6 4
8 2 6 5
8 3 7 2
8 4 7 8
8 5 7 6
8 6 8 1
8 7 8 7
8 8 8 9
