195101 0
195102 0
195103 0
195104 0
195105 0
195106 0
195107 1
195108 0
195109 0
195110 1
195111 0
195112 0
195201 0
195202 0
195203 0
195204 0
195205 0
195206 1
195207 1
195208 1
195209 0
195210 0
195211 0
195212 0
195301 0
195302 0
195303 0
195304 0
195305 0
195306 1
195307 0
195308 0
195309 1
195310 0
195311 0
195312 0
195401 0
195402 0
195403 0
195404 0
195405 0
195406 0
195407 0
195408 1
195409 4
195410 0
195411 0
195412 0
195501 0
195502 0
195503 0
195504 0
195505 0
195506 0
195507 1
195508 0
195509 1
195510 2
195511 0
195512 0
195601 0
195602 0
195603 0
195604 1
195605 0
195606 0
195607 0
195608 1
195609 1
195610 0
195611 0
195612 0
195701 0
195702 0
195703 0
195704 0
195705 0
195706 0
195707 0
195708 0
195709 1
195710 0
195711 0
195712 0
195801 0
195802 0
195803 0
195804 0
195805 0
195806 0
195807 1
195808 1
195809 2
195810 0
195811 0
195812 0
195901 0
195902 0
195903 0
195904 0
195905 0
195906 0
195907 0
195908 2
195909 1
195910 1
195911 0
195912 0
196001 0
196002 0
196003 0
196004 0
196005 0
196006 0
196007 0
196008 3
196009 1
196010 0
196011 0
196012 0
196101 0
196102 0
196103 0
196104 0
196105 0
196106 0
196107 1
196108 0
196109 1
196110 1
196111 0
196112 0
196201 0
196202 0
196203 0
196204 0
196205 0
196206 0
196207 1
196208 4
196209 0
196210 0
196211 0
196212 0
196301 0
196302 0
196303 0
196304 0
196305 0
196306 1
196307 0
196308 1
196309 0
196310 0
196311 0
196312 0
196401 0
196402 0
196403 0
196404 0
196405 0
196406 0
196407 0
196408 1
196409 1
196410 0
196411 0
196412 0
196501 0
196502 0
196503 0
196504 0
196505 1
196506 0
196507 0
196508 2
196509 2
196510 0
196511 0
196512 0
196601 0
196602 0
196603 0
196604 0
196605 0
196606 0
196607 0
196608 2
196609 3
196610 0
196611 0
196612 0
196701 0
196702 0
196703 0
196704 0
196705 0
196706 0
196707 0
196708 2
196709 0
196710 1
196711 0
196712 0
196801 0
196802 0
196803 0
196804 0
196805 0
196806 0
196807 1
196808 1
196809 1
196810 0
196811 0
196812 0
196901 0
196902 0
196903 0
196904 0
196905 0
196906 0
196907 0
196908 2
196909 0
196910 0
196911 0
196912 0
197001 0
197002 0
197003 0
197004 0
197005 0
197006 0
197007 1
197008 2
197009 0
197010 0
197011 0
197012 0
197101 0
197102 0
197103 0
197104 0
197105 0
197106 0
197107 1
197108 2
197109 1
197110 0
197111 0
197112 0
197201 0
197202 0
197203 0
197204 0
197205 0
197206 0
197207 2
197208 0
197209 1
197210 0
197211 0
197212 0
197301 0
197302 0
197303 0
197304 0
197305 0
197306 0
197307 1
197308 0
197309 0
197310 0
197311 0
197312 0
197401 0
197402 0
197403 0
197404 0
197405 0
197406 0
197407 0
197408 1
197409 2
197410 0
197411 0
197412 0
197501 0
197502 0
197503 0
197504 0
197505 0
197506 0
197507 0
197508 2
197509 0
197510 0
197511 0
197512 0
197601 0
197602 0
197603 0
197604 0
197605 0
197606 0
197607 1
197608 0
197609 1
197610 0
197611 0
197612 0
197701 0
197702 0
197703 0
197704 0
197705 0
197706 0
197707 0
197708 1
197709 0
197710 0
197711 0
197712 0
197801 0
197802 0
197803 0
197804 0
197805 0
197806 1
197807 0
197808 2
197809 1
197810 0
197811 0
197812 0
197901 0
197902 0
197903 0
197904 0
197905 0
197906 0
197907 0
197908 0
197909 2
197910 1
197911 0
197912 0
198001 0
198002 0
198003 0
198004 0
198005 0
198006 0
198007 0
198008 0
198009 1
198010 0
198011 0
198012 0
198101 0
198102 0
198103 0
198104 0
198105 0
198106 1
198107 1
198108 1
198109 0
198110 0
198111 0
198112 0
198201 0
198202 0
198203 0
198204 0
198205 0
198206 0
198207 0
198208 2
198209 2
198210 0
198211 0
198212 0
198301 0
198302 0
198303 0
198304 0
198305 0
198306 0
198307 0
198308 1
198309 1
198310 0
198311 0
198312 0
198401 0
198402 0
198403 0
198404 0
198405 0
198406 0
198407 0
198408 0
198409 0
198410 0
198411 0
198412 0
198501 0
198502 0
198503 0
198504 0
198505 0
198506 0
198507 1
198508 2
198509 0
198510 0
198511 0
198512 0
198601 0
198602 0
198603 0
198604 0
198605 0
198606 0
198607 0
198608 0
198609 0
198610 0
198611 0
198612 0
198701 0
198702 0
198703 0
198704 0
198705 0
198706 0
198707 0
198708 0
198709 0
198710 1
198711 0
198712 0
198801 0
198802 0
198803 0
198804 0
198805 0
198806 0
198807 0
198808 2
198809 0
198810 0
198811 0
198812 0
198901 0
198902 0
198903 0
198904 0
198905 0
198906 1
198907 1
198908 2
198909 1
198910 0
198911 0
198912 0
199001 0
199002 0
199003 0
199004 0
199005 0
199006 0
199007 0
199008 2
199009 2
199010 1
199011 1
199012 0
199101 0
199102 0
199103 0
199104 0
199105 0
199106 0
199107 0
199108 1
199109 2
199110 0
199111 0
199112 0
199201 0
199202 0
199203 0
199204 0
199205 0
199206 0
199207 0
199208 3
199209 0
199210 0
199211 0
199212 0
199301 0
199302 0
199303 0
199304 0
199305 0
199306 0
199307 3
199308 1
199309 2
199310 0
199311 0
199312 0
199401 0
199402 0
199403 0
199404 0
199405 0
199406 0
199407 1
199408 1
199409 1
199410 0
199411 0
199412 0
199501 0
199502 0
199503 0
199504 0
199505 0
199506 0
199507 0
199508 0
199509 1
199510 0
199511 0
199512 0
199601 0
199602 0
199603 0
199604 0
199605 0
199606 0
199607 1
199608 1
199609 0
199610 0
199611 0
199612 0
199701 0
199702 0
199703 0
199704 0
199705 0
199706 2
199707 1
199708 0
199709 1
199710 0
199711 0
199712 0
199801 0
199802 0
199803 0
199804 0
199805 0
199806 0
199807 0
199808 0
199809 3
199810 1
199811 0
199812 0
199901 0
199902 0
199903 0
199904 0
199905 0
199906 0
199907 0
199908 0
199909 2
199910 0
199911 0
199912 0
200001 0
200002 0
200003 0
200004 0
200005 0
200006 0
200007 0
200008 0
200009 0
200010 0
200011 0
200012 0
200101 0
200102 0
200103 0
200104 0
200105 0
200106 0
200107 0
200108 1
200109 1
200110 0
200111 0
200112 0
200201 0
200202 0
200203 0
200204 0
200205 0
200206 0
200207 2
200208 0
200209 0
200210 1
200211 0
200212 0
200301 0
200302 0
200303 0
200304 0
200305 1
200306 0
200307 0
200308 1
200309 0
200310 0
200311 0
200312 0
200401 0
200402 0
200403 0
200404 0
200405 0
200406 2
200407 1
200408 3
200409 2
200410 2
200411 0
200412 0
200501 0
200502 0
200503 0
200504 0
200505 0
200506 0
200507 1
200508 1
200509 1
200510 0
200511 0
200512 0
200601 0
200602 0
200603 0
200604 0
200605 0
200606 0
200607 0
200608 1
200609 1
200610 0
200611 0
200612 0
200701 0
200702 0
200703 0
200704 0
200705 0
200706 0
200707 1
200708 1
200709 1
200710 0
200711 0
200712 0
200801 0
200802 0
200803 0
200804 0
200805 0
200806 0
200807 0
200808 0
200809 0
200810 0
200811 0
200812 0
200901 0
200902 0
200903 0
200904 0
200905 0
200906 0
200907 0
200908 0
200909 0
200910 1
200911 0
200912 0
201001 0
201002 0
201003 0
201004 0
201005 0
201006 0
201007 0
201008 1
201009 1
201010 0
201011 0
201012 0
201101 0
201102 0
201103 0
201104 0
201105 0
201106 0
201107 1
201108 0
201109 2
201110 0
201111 0
201112 0
201201 0
201202 0
201203 0
201204 0
201205 0
201206 1
201207 0
201208 0
201209 1
201210 0
201211 0
201212 0
201301 0
201302 0
201303 0
201304 0
201305 0
201306 0
201307 0
201308 0
201309 2
201310 0
201311 0
201312 0
201401 0
201402 0
201403 0
201404 0
201405 0
201406 0
201407 1
201408 1
201409 0
201410 2
201411 0
201412 0
201501 0
201502 0
201503 0
201504 0
201505 0
201506 0
201507 2
201508 1
201509 1
201510 0
201511 0
201512 0
